473
211
180
412
137
283
24
159
77
92
163
43
466
27
283
374
53
116
463
427
67
397
338
348
275
497
494
436
314
348
338
34
8
277
440
377
166
254
413
273
234
491
176
68
179
417
170
31
227
221
97
354
270
478
43
313
48
145
96
246
231
383
132
474
400
80
394
219
470
294
231
199
213
113
89
410
411
362
303
33
471
80
500
459
15
409
10
29
483
35
89
26
253
118
251
259
170
14
307
10
330
27
387
35
32
132
218
394
109
88
40
191
343
191
495
290
167
468
239
457
8
346
144
408
278
108
279
283
272
345
212
251
371
148
187
354
145
195
275
354
428
286
192
472
298
53
186
19
447
98
408
21
476
278
57
336
65
134
16
240
5
418
242
490
226
12
232
268
53
89
149
81
413
293
330
322
264
59
272
56
187
35
187
282
378
57
132
64
435
249
206
72
389
3
37
434
277
237
350
227
63
427
115
277
247
61
227
109
112
180
437
343
431
416
480
190
255
208
367
283
78
360
36
216
220
206
77
268
127
473
292
88
239
217
415
367
223
84
52
9
10
266
262
82
271
12
469
119
211
268
467
248
81
121
125
183
85
167
110
224
391
118
377
474
82
75
250
199
481
245
73
295
343
416
433
229
161
76
341
344
492
420
438
348
132
19
240
455
235
191
166
245
497
499
33
333
403
233
121
231
499
406
34
366
1
124
249
325
211
52
149
77
104
302
166
240
326
381
429
168
366
147
451
186
96
479
460
225
13
379
446
28
42
199
176
495
383
402
131
293
301
166
128
389
359
312
490
346
327
396
318
102
354
407
284
293
349
51
312
145
463
63
249
38
252
92
482
333
295
129
182
458
157
245
379
13
198
222
22
320
314
406
112
155
124
257
304
404
49
393
10
35
282
285
361
379
198
99
107
262
451
280
432
327
117
144
167
87
12
272
355
486
213
262
197
466
353
234
342
414
243
462
130
331
156
469
474
387
324
486
266
365
273
148
436
382
405
42
423
333
382
216
363
167
348
256
79
173
289
274
365
234
33
344
267
345
34
451
122
231
184
468
479
476
326
114
182
276
433
461
482
102
315
379
95
64
432
388
458
195
160
79
402
126
104
207
448
389
10
456
356
416
16
28
96
345
148
356
443
404
